=== Table 2 (RHSVI on M_Center=mid, M_Ent=maxent, M_RMDP=rmdp) ===
env	mid(min,std)	maxent(min,std)	rmdp(min,std)
TOY*	37.48,0.01	37.46,0.02	32.46,0.01
ECHO	19.31,0.01	19.31,0.01	21.12,0.00
PARITY(inf)	7.02,0.02	7.05,0.01	12.58,0.00
PARITY(10)	59.89,0.01	62.40,0.00	54.93,0.01
TIGER	19.36,0.01	19.38,0.01	13.15,0.01
HoH(5)	-24.04,0.00	-21.55,0.00	-24.04,0.01
HoH(10)	-37.35,0.00	-36.69,0.00	-37.35,0.01
MINIHALLWAY	0.76,0.00	0.76,0.00	0.76,0.00
ALOHA(10)	63.53,0.19	59.97,0.12	57.41,0.06
REPLACEMENT	-46.92,1.10	-46.84,1.07	-46.35,0.45
HEALTHDETECTION	-5777.84,97.16	-5596.82,49.60	-5660.43,73.54

=== Table 3 (RHSVI=full, RQMDP=full, RFIB=full) ===
env	RHSVI(min,std)	RQMDP(min,std)	RFIB(min,std)
TOY*	69.99,0.00	32.48,0.01	62.45,0.02
ECHO	31.10,0.00	25.46,0.01	25.45,0.01
PARITY(inf)	20.00,0.00	7.21,0.39	20.00,0.00
PARITY(10)	62.71,0.00	26.51,4.36	62.71,0.00
TIGER	19.33,0.04	-26.21,9.09	14.53,0.84
HoH(5)	-21.55,0.01	-63.76,0.00	-63.76,0.00
HoH(10)	-36.71,0.01	-63.76,0.00	-63.76,0.00
MINIHALLWAY	0.76,0.00	0.24,0.00	0.25,0.00
ALOHA(10)	44.90,3.02	58.16,0.31	53.99,0.96
REPLACEMENT	-46.81,0.34	-51.83,0.53	-70.72,2.02
HEALTHDETECTION	-5574.23,30.92	-5652.73,38.11	-5780.11,86.59

=== Figure 4 Vgap = (value_adv - Vtilde)/|Vtilde|, Vtilde = RHSVI full value_sol ===
env	Vtilde(sol)	left:M	Center(mid)	Ent(maxent)	RMDP(rmdp)	right:RHSVI	RQMDP	RFIB
TOY*	69.986	+0.000	-0.464	-0.465	-0.536	-0.536	-0.108
ECHO	31.090	+0.000	-0.379	-0.379	-0.321	-0.181	-0.182
PARITY(inf)	20.000	+0.000	-0.649	-0.648	-0.371	-0.639	+0.000
PARITY(10)	62.710	-0.000	-0.045	-0.005	-0.124	-0.577	-0.000
TIGER	19.395	-0.003	-0.002	-0.001	-0.322	-2.351	-0.251
HoH(5)	-21.543	-0.000	-0.116	-0.000	-0.116	-1.960	-1.960
HoH(10)	-36.693	-0.000	-0.018	-0.000	-0.018	-0.738	-0.738
MINIHALLWAY	0.759	+0.000	+0.000	+0.000	+0.000	-0.681	-0.677
ALOHA(10)	43.311	+0.037	+0.467	+0.385	+0.326	+0.343	+0.247
REPLACEMENT	-46.849	+0.001	-0.001	+0.000	+0.011	-0.106	-0.509
HEALTHDETECTION	-6475.670	+0.139	+0.108	+0.136	+0.126	+0.127	+0.107
