k, paper_R_LSTM, json_LSTM_train(last100), json_LSTM_val[-1], json_LSTM_minVal
1, 0.6897, 0.6906, 0.6866, 0.6863
2, 0.5789, 0.6367, 0.6235, 0.6223
3, 0.6036, 0.5729, 0.5816, 0.5807
5, 0.5146, 0.5470, 0.5619, 0.5595
10, 0.4901, 0.5239, 0.5265, 0.5259

k, paper_Lambda_hat, json_ulc(bits), json_ulc*ln2(nats??), paper_EvoRate, json_evoRate(bits)
1, 0.3213, 0.4006, 0.2776, 0.0056, 0.0006
2, 0.2061, 0.2537, 0.1758, 0.1261, 0.1475
3, 0.1506, 0.1892, 0.1311, 0.1832, 0.2119
5, 0.0964, 0.1298, 0.0900, 0.2379, 0.2713
10, 0.0479, 0.0797, 0.0552, 0.2861, 0.3214
